12037222.915027
2774938.370948
20781268.991823
1560400.760548
456195.144433
5658559.373575
660037.535888
457650.369985
1854295.776409
105317.571869
4126377.429887
471373.546553
4131284.532403
1796612.026978
136704.457368
1130576.618972
1545495.103035
3091378.879697
386179.209474
114602.052887
2061852.584200
109915.663832
1143976.239303
4734584.996164
550760.756621
9566597.439044
388597.152505
1061303.789618
1696995.897992
1423166.466191
470982.828919
3407246.062613
5634600.206516
25318860.856118
442913.443723
14730383.758040
744153.687226
1248229.632286
432054.884255
10190159.312641
2631094.673140
7199461.519315
436773.682956
191272.349738
3403779.321161
10853256.777207
6513440.323390
325770.010338
956199.984563
1435320.007115
1481532.059822
213808.013463
3991368.795533
205030.494039
2080458.681715
334118.822238
5810046.119844
4511731.826113
2906319.190091
665094.251164
11001584.436568
4028393.229370
3922697.217935
301215.266185
327292.281669
2749418.956117
362495.315605
13878319.931763
629123.280308
871386.859550
252414.993761
237517.317046
325971.525814
1557986.815384
766283.554573
1908383.885937
818468.528903
10703470.264493
1894107.136167
3692474.902883
2162825.448488
7418580.385993
4340144.870222
8075051.260060
2949309.136852
293224.395360
411346.271130
897419.273900
421200.335703
1433803.661274
844557.961587
2183831.670244
2858440.076494
202307.610456
279716.892819
184555.039894
4666647.388416
1929506.754407
1111812.308813
517286.372304
1614400.959403
297689.308646
328722.351436
5714392.000426
6744396.901172
1042645.835055
2555801.524740
2675662.728675
244467.842906
617063.037389
6666720.489737
319720.258141
8287276.451999
3851876.174638
1508166.254381
729452.645178
507205.988748
2369636.145713
3687587.539023
1391037.691962
8495466.092340
1421065.746170
3773541.203755
158969.523200
694365.114557
3053565.482174
246392.446075
7572026.708930
1523866.346488
1559400.417731
724753.703228
9460271.198379
11632328.736689
169913.485144
142903.505692
692335.320537
11091683.823511
130994.135283
195549.715436
453405.035430
4235350.057037
2614396.913209
250155.964147
344258.923820
5116166.609325
124631.985541
227091.252880
3419644.169851
178648.032964
146060.040139
350599.268420
125148.801600
225371.027871
1217087.214499
8175979.589278
710788.670918
9047198.955940
5414153.239509
3039151.814466
10349863.700199
1923576.432977
14692910.486321
5302636.637207
532737.638896
991363.991200
18522514.673841
60815.638626
2247689.129712
1081408.705793
3984788.566434
1115238.749872
1333993.207831
3930098.807580
1238252.231854
5384452.896102
5447028.754473
15154389.807197
394888.688474
525305.493110
2217617.328562
2057221.534310
178240.229629
3270654.808327
991408.681318
8811800.000774
350351.857486
33763040.839302
510657.846775
28159835.587778
1095446.093998
2032895.562789
3229497.234485
363377.719270
1107309.650108
668928.134968
487276.216602
9413926.270976
287855.409544
4286755.439303
296983.012545
585259.652160
20942744.272270
4303143.866107
68049.906494
15770269.809297
421132.430699
19914413.800263
5656151.859687
1181425.429592
15706541.308652
1770965.552373
1752125.112874
1005699.790745
449466.124506
167111.507078
783414.794232
15284659.640455
3084791.957790
183604.280341
1182490.044476
8748923.991689
8829398.866269
543113.354003
316913.092749
9105610.379312
169250.376142
4440102.349859
256534.025081
2202611.485570
1755323.452031
103805.939103
123149.508836
2544963.546116
6793410.655451
4954185.884172
16490747.431596
341679.421644
1321268.261061
242764.057557
536397.335634
299145.430618
923474.401871
2125762.936798
625917.147574
13382884.268566
5671252.004290
11632409.209588
132953.266031
380285.552747
3227571.188835
